broden = {
	graphical_culture = muslimgfx
	color = { 0 255  255 }
	icon = 4
	
	unit = imperial_soldiers
	
	provinces = {
	2644 2658 2659 2660 2661 2663 2664 2665 2666 2667 2668 2669 2670 2671 2672 2673 2674 2675 2676 2677 2678 2685 2686 2688 2689 2704 2708 2709 2710 2719 2720 2731 2732 2737 2739 2744 2746 2747 2748 2749 2750 2765 2769 2771 2772 2773 2774 2775 2776 2777 2778 2779 2783 2784 2785 2791 2792 2797 2799 2800 2802
	}
}


trolls = {
	graphical_culture = muslimgfx
	color = { 0 255  255 }
	icon = 4
	
	unit = giant_warrior
	
	provinces = {
		3304 3308 3309 3311 3312 3313 3314 3315 3316 3317 3318 3319 3320 3349 3350 3416 3418 3419 3420 3421 3423 3424 3425 3426 3427 3428 3429 3430 3431 3432 3433 3434 3435 3436 3437 3438 3439 3440 3441 3442 3443 3444 3445 3446 3447 3448 3449 3450 3452 3453 3454 3455 3456 3457 3458 3459 3460 3461 3462 3463 3464 3465 3466 3467 3468 3469 3470 3471 3472 3473 3475 3476 3477 3478 3479 3480 3481 3482 3483 3484 3485 3486 3487 3488 3489 3490 3491 3492 3493 3494 3495 3496 3497 3498 3525 3532 3534 3535 3536 3537 3538 3539 3540 3541 3542 3543 3544 3545 3546 3547 3548 3549 3550 3551 3552 3555 3556 3557 3567 3568 3569 3570 3571 3572 3573 3579 3580 3616 3618 3619 3620 3623 3633
	}
}

harpy = {
	graphical_culture = muslimgfx
	color = { 0 255  255 }
	icon = 4
	
	unit = manhunter
	
	provinces = {
	2679 2680 2681 2682 2683 2684 2687 2690 2691 2692 2693 2694 2695 2696 2697 2698 2699 2700 2701 2702 2703 2705 2706 2707 2711 2712 2713 2714 2715 2716 2717 2718 2721 2722 2723 2724 2725 2726 2727 2728 2729 2730 2733 2734 2735 2736 2738 2740 2741 2742 2743 2745 2751 2752 2753 2754 2755 2756 2757 2758 2759 2760 2761 2762 2763 2764 2766 2767 2768 2770 2780 2781 2782 2786 2787 2788 2789 2790 2793 2794 2795 2796 2798 2801 2804
	}
}

skagai = {
	graphical_culture = inuitgfx
	color = { 0 255  255 }
	icon = 4
	
	unit = tribal_warrior
	
	provinces = {
	1679 3728 3729 3730 3731 3732 3733 3734 3735 3736 3737 3738 3739 3740 3741 3742 3743 3744 3745 3746
	1461 1462 1463 1464 1456 1457 1458 1459 1460 1451 1452 1453 1454 1455 1446 1441 1436 1422 1417 1412 1413 1414 1415 1416 1407 1402 1397 1398 1399 1400 1401 1403 1404 1405 1406 1408 1409 1410 1411 1418 1419 1420 1421 1423 1424 1425 1426 1437 1438 1432 1433 1434 1435 1427 1428 1429 1430 1431 1439 1440 1442 1443 1444 1445 1447 1448 1449 1450 1167 1168 1169 1170 1162 1163 1164 1165 1166 1157 1158 1159 1160 1161 1153 1154 1155 1156 1148 1149 1150 1151 1152 1128 1129 1130 1131 1132 1143 1144 1145 1146 1147 1133 1134 1135 1136 1137 1138 1139 1140 1141 1142  1114 1115 1116 1117 1118  1104 1105 1106 1107 1108 1094 1095 1096 1097 1098 1084 1085 1086 1087 1088 1119 1120 1121 1122 1123 1109 1110 1111 1112 1113 1099 1100 1101 1102 1103 1089 1090 1091 1092 1093 1079 1080 1081 1082 1083 1039 1040 1041 1042 1043 1044 1045 1046 1047 1048 1049 1050 1051 1052 1053 1054 1055 1056 1057 1058 1059 1060 1061 1062 1063 1069 1070 1071 1072 1073 1074 1075 1076 1078 1077 1064 1065 1066 1067 1068 224 225 226 227 228 229 230 231 232 233 234 235 236 237 238 239 240 241 242 243 244 245 246 247 248 249 250 251 252 269 270 271 253 254 255 256 265 266 267 268 257 258 259 260 261 262 263 264  1000 1001 1002 1003 1004 1005 1006 1007 1008 1009 1010 1011 1012 1013 1014 1015 1016 1017 1018 1019 1020 1021 1022 1023 1024 1025 1026 1027 1028 1029 1030 1031 1032 1033 1034 1035 1036
	1067 1070 1071 1072 1073 1075 1076 1077 1078 1087 1089 1090 1091 1092 1093 1094 1095 1096 1097 1098 1100 1103 1104 1105 1106 1107 1108 1109 1110 1111 1113 1115 1116 1117 1118 1120 1121 1122 1123 1167 1168 1392 1397 1398 1399 1400 1401 1402 1403 1404 1405 1406 1409 1418 1419 1420 1421 1422 1423 1424 1425 1426 1427 1428 1429 1430 1431 1432 1433 1434 1435 1666 1667 1668 1669 1670 1671 1672 1673 1674
	}
}

amata_nomads = {
	graphical_culture = muslimgfx
	color = { 0 255  255 }
	icon = 3
	
	unit = free_company
	
	provinces = {
	372 373 374 375 376 392 393 394 395 458 459 460 461 463 464 465 466 467 468 470 471 473 474 476 477 478 479 480 481 482 485 486 487 488 490 492 494 495 496 497 502 512 514 515 516 517 518 541 542 544 545 546 760 761 762
	}
}

patala = {
	graphical_culture = muslimgfx
	color = { 0 255  255 }
	icon = 3
	
	unit = Naga_Warrior
	
	provinces = {
	1292 1317 1325 1326 1327 1328 1332 1333 1334 1335 1336 1337 1338 1340 1343 1344 1345 1348 1349 1361 1362 1363 1364 1365 1366 1368 1369 1370 1371 1372 1375 1376 1382 1383 1384
	}
}

elf_desert = {
	graphical_culture = muslimgfx
	color = { 0 255  255 }
	icon = 3
	
	unit = aosi
	
	provinces = {
	1567 1568 1569 1570 1572 1573 1576 1578 1579 1581 1582 1583 1584 1585 1586 1588 1589
	}
}

azar_indies = {
	graphical_culture = muslimgfx
	color = { 0 255  255 }
	icon = 3
	
	unit = azur_warrior
	
	provinces = {
	2072 2073 2074 2075 2076 2077 2078 2079 2080 2081 2082 2083 2084 2090 2091 2092 2093 2094 2095 2096 2097 2098 2099 2121 2122 2123 2124 2129 2131 2132 2133 2134 2135 2138 2139
	}
}

pygmer = {
	graphical_culture = aboriginalgfx
	color = { 0 255  255 }
	icon = 3
	
	unit = azur_warrior
	
	provinces = {
		2224 2226 2235 2236 2237 2238 2239 3238 3239 3265 3266 3267 3268 3269 3270 3282 3283 3284 3285 3291 3292 3293 3294 3295 3296 3297 3298	
		3946 3948 3949 3954 3955 3956 3957 3958 3959 3960 3961 3963 3964 3965 3966 3978 3980 3985 3986 3987 3994 3995 3996 3998 3999 4000 4001
		}
}

fareylor = {
	graphical_culture = polynesiangfx
	color = { 0 155  255 }
	icon = 3
	
	unit = azur_warrior
	
	provinces = {
		3917 3918 3919 3920 3921 3922 3923 3924 3925 3927 3928 3929 3930 3931 3932 3933 3934 3935 3938
		}
}

red_deserts = {
	graphical_culture = muslimgfx
	color = { 0 255  255 }
	icon = 3
	
	unit = azur_warrior
	
	provinces = {
		7 20 2277 2449 2450 2451 2452 2454 2458 2459 2467 2468 2469 2470 2471 2472 2473 2474 2475 2476 2477 2478 2480 2481 2482 2483 2484 2485 2486 2488 2489 2490 2498 2508 2509 2516 2517 2518 2520 2522 2523 2524 2525 2526 2527 2528 2530 2531 2532 2855 3135 3136 3137 3138 3139 3140 3141 3142 3143 3144
		}
	
}
	
gloomwood = {
	graphical_culture = muslimgfx
	color = { 0 255  255 }
	icon = 3
	
	unit = aosi
	
	provinces = {
13 3031 3032 3033 3034 3035 3036 3037 3038 3039 3040 3042 3043 3045 3050 3051 3052 3053 3054 3055 3056 3057 3058 3059 3060 3061 3062 3063 3064 3065 3066 3067 3068 3069 3071 3072 3073 3074 3075 3076 3077 3078 3079 3080 3081 3082 3083 3084 3085 3086 3087 3088 3089 3090 3091 3092 3093 3094 3095 3096 3097 3098 3099 3100 3101 3102		}		
}