yal_far_fyr={
	location=3919
	color={
		25 29 64 
	}
	outgoing={
		name="gemah"
		path={
			1273 1202 
		}
		control={
			4458.000000 721.000000 4365.000000 673.000000 4286.000000 674.000000 4228.000000 613.000000 
		}
	}
	members={
		3913 3915 3916 3917 3918 3919 3920 3921 3922 3923 3924 3925 3927 3928 3929 3930 3936 
	}
}
gemah={
	location=3907
	color={
		25 55 94 
	}
	outgoing={
		name="gate"
		path={
			1273 1202 
		}
		control={
			4227.000000 592.000000 4177.000000 624.000000 4118.000000 612.000000 4081.000000 621.000000 
		}
	}
	members={
		3901 3902 3903 3904 3905 3906 3908 3909 3910 3911 3912 3914 3931 3932 3933 3934 3935 3937 3938 3939 3940 3941 3942 3943 3944 3945 3946 3947 3948 3979 3987 3988 3989 3990 3991 3992 3993 3994 3995 3996 3999 3907 
	}
}
tilidin={
	location=3810
	color={
		25 197 34 
	}
	outgoing={
		name="teyak"
		path={
			1273 1202 
		}
		control={
			5168.000000 1030.000000 5154.000000 971.000000 4949.000000 896.000000 
		}
	}
	outgoing={
		name="harpia"
		path={
			1273 1202 
		}
		control={
			5143.000000 1087.000000 5023.000000 1182.000000 4851.000000 1251.000000 4741.000000 1278.000000 4670.000000 1239.000000 4652.000000 1212.000000 
		}
	}
	members={
		3747 3749 3750 3751 3752 3753 3754 3755 3756 3757 3758 3759 3809 3811 3812 3813 3814 3815 3816 3817 3818 3819 3820 3821 3822 3823 3824 3825 3826 3827 3828 3829 3830 3831 3832 3833 3834 3835 3836 3837 3838 3839 3840 3841 3842 3843 3844 3845 3846 3847 3848 3849 3850 3851 3852 3853 3854 3855 3856 3810 
	}
}
teyak={
	location=3748
	color={
		25 1 34 
	}
	outgoing={
		name="gerlos"
		path={
			1273 1202 
		}
		control={
			4750.000000 972.000000 4613.000000 1016.000000 4448.000000 1045.000000 4273.000000 1023.000000 
		}
	}
	members={
		3760 3761 3748 
	}
}
venera={
	location=3647
	color={
		25 162 145 
	}
	outgoing={
		name="great_isles"
		path={
			1273 1202 
		}
		control={
			517.000000 1050.000000 705.000000 953.000000 1025.000000 783.000000 
		}
	}
	members={
		3648 3649 3650 3651 3652 3653 3654 3655 3656 3657 3658 3659 3660 3661 3662 3663 3664 3665 3666 3667 3647 
	}
}
gyntenland={
	location=3624
	color={
		25 197 145 
	}
	outgoing={
		name="north_court"
		path={
			1273 1202 
		}
		control={
			4797.000000 1779.000000 4781.069824 1713.739990 4763.000000 1679.000000 
		}
	}
	members={
		3631 3498 3525 3526 3527 3528 3529 3530 3531 3532 3533 3534 3535 3536 3537 3608 3609 3610 3611 3612 3613 3614 3615 3616 3617 3618 3619 3620 3623 3625 3626 3627 3628 3629 3633 3624 
	}
}
jotunheim={
	location=3500
	color={
		67 188 34 
	}
	inland=yes
	outgoing={
		name="gyntenland"
		path={
			1273 1202 
		}
		control={
			4494.000000 1977.000000 4508.000000 1963.000000 4547.000000 1920.000000 4569.000000 1880.000000 4744.000000 1900.000000 
		}
	}
	outgoing={
		name="sveri"
		path={
			1273 1202 
		}
		control={
			4485.000000 1985.000000 4313.000000 1963.000000 4178.000000 1957.000000 
		}
	}
	members={
		3501 3502 3503 3504 3505 3506 3507 3508 3509 3510 3511 3512 3513 3514 3515 3516 3517 3518 3519 3520 3521 3522 3523 3524 3594 3597 3599 3600 3601 3602 3603 3604 3605 3606 3607 3621 3622 3632 3634 3635 3500 
	}
}
sveri={
	location=3588
	color={
		15 234 94 
	}
	inland=yes
	outgoing={
		name="changar"
		path={
			1273 1202 
		}
		control={
			3831.000000 1831.000000 
		}
	}
	outgoing={
		name="asylor"
		path={
			1273 1202 
		}
		control={
			4060.000000 1776.000000 
		}
	}
	outgoing={
		name="ayastan"
		path={
			1273 1202 
		}
		control={
			3700.000000 1843.000000 
		}
	}
	members={
		3573 3574 3575 3578 3581 3582 3546 3547 3548 3549 3550 3551 3552 3553 3554 3555 3556 3557 3558 3559 3560 3561 3562 3563 3564 3565 3566 3576 3577 3583 3584 3585 3586 3587 3589 3590 3591 3592 3595 3596 3598 3588 
	}
}
dharim={
	location=3373
	color={
		68 142 64 
	}
	inland=yes
	outgoing={
		name="ayastan"
		path={
			1273 1202 
		}
		control={
			3417.000000 1765.000000 3484.000000 1767.000000 3548.000000 1789.000000 3585.000000 1787.000000 3594.000000 1764.000000 
		}
	}
	outgoing={
		name="mosoeria"
		path={
			1273 1202 
		}
		control={
			3432.000000 1694.000000 3433.000000 1642.000000 3439.000000 1588.000000 3474.000000 1564.000000 3503.000000 1521.000000 
		}
	}
	members={
		3352 3353 3354 3355 3356 3357 3358 3359 3360 3361 3362 3363 3364 3366 3367 3368 3369 3370 3371 3372 3374 3375 3376 3380 3381 3382 3383 3384 3385 3386 3387 3388 3389 3391 3392 3393 3404 3373 
	}
}
ayastan={
	location=3339
	color={
		15 240 134 
	}
	inland=yes
	outgoing={
		name="deep_gloomwood"
		path={
			1273 1202 
		}
		control={
			3615.000000 1712.000000 3633.000000 1716.000000 3651.000000 1689.000000 3679.000000 1677.000000 3661.000000 1647.000000 
		}
	}
	outgoing={
		name="mosoeria"
		path={
			1273 1202 
		}
		control={
			3598.000000 1706.000000 3578.000000 1656.000000 3514.000000 1593.000000 3515.000000 1560.000000 3554.000000 1522.000000 
		}
	}
	members={
		3567 3568 3569 3570 3571 3572 3579 3580 2537 3304 3308 3309 3310 3311 3312 3313 3314 3315 3316 3317 3318 3319 3320 3321 3322 3325 3326 3327 3328 3329 3330 3331 3332 3333 3334 3335 3336 3337 3338 3340 3341 3342 3343 3344 3345 3346 3347 3348 3349 3350 3351 3339 
	}
}
misty_mountains={
	location=3274
	color={
		15 238 64 
	}
	inland=yes
	outgoing={
		name="gemah"
		path={
			1273 1202 
		}
		control={
			4120.000000 514.000000 4170.000000 492.000000 4211.000000 539.000000 4254.000000 555.000000 
		}
	}
	outgoing={
		name="gate"
		path={
			1273 1202 
		}
		control={
			4093.000000 519.000000 4089.000000 541.000000 4079.000000 547.000000 4075.000000 571.000000 4069.000000 603.000000 
		}
	}
	members={
		3271 3272 3273 3275 3276 3277 3278 3279 3280 3281 3274 3949 3950 3951 3952 3953 3954 3955 3956 3957 3958 3959 3960 3961 3962 3963 3964 3965 3966 3967 3968 3969 3970 3971 3972 3976 3977 3978 3980 3981 3982 3983 3984 3985 3986 3997 3998 4000 4001 
	}
}
gate={
	location=3266
	color={
		56 33 168 
	}
	outgoing={
		name="green_deep"
		path={
			1273 1202 
		}
		control={
			3984.000000 572.000000 3909.000000 548.000000 3902.000000 595.000000 
		}
	}
	outgoing={
		name="gira"
		path={
			1273 1202 
		}
		control={
			3990.000000 567.000000 3874.000000 544.000000 3731.000000 615.000000 
		}
	}
	members={
		3265 3267 3268 3269 3270 3282 3283 3284 3285 3291 3292 3293 3294 3295 3296 3297 3298 3266 
	}
}
gerlos={
	location=3230
	color={
		56 34 111 
	}
	outgoing={
		name="verdant"
		path={
			1273 1202 
		}
		control={
			4142.000000 1067.000000 4090.679932 1134.550049 4102.000000 1199.000000 
		}
	}
	outgoing={
		name="bay_of_mario"
		path={
			1273 1202 
		}
		control={
			4206.000000 996.000000 4156.000000 954.000000 4038.000000 877.000000 
		}
	}
	outgoing={
		name="southern_averia"
		path={
			1273 1202 
		}
		control={
			4180.000000 1030.000000 4141.000000 1020.000000 4098.000000 1053.000000 
		}
	}
	members={
		2599 2645 3202 3203 3204 3205 3206 3207 3208 3209 3210 3211 3212 3213 3214 3215 3216 3217 3218 3219 3220 3221 3222 3223 3224 3225 3226 3227 3228 3229 3231 3232 3233 3234 3235 3236 3230 17 
	}
}
changar={
	location=3084
	color={
		34 34 68 
	}
	inland=yes
	outgoing={
		name="eastern_gloomwood"
		path={
			1273 1202 
		}
		control={
			3874.000000 1698.000000 3970.000000 1648.000000 4016.000000 1565.000000 
		}
	}
	outgoing={
		name="asylor"
		path={
			1273 1202 
		}
		control={
			3811.000000 1743.000000 3907.000000 1751.000000 3974.000000 1752.000000 
		}
	}
	outgoing={
		name="ayastan"
		path={
			1273 1202 
		}
		control={
			3713.000000 1742.000000 3697.000000 1791.000000 3639.000000 1757.000000 3614.000000 1731.000000 
		}
	}
	members={
		3082 3083 3085 3086 3084 3418 3453 3455 3456 3457 3458 3459 3460 3461 3463 3464 3465 3466 3467 3468 3469 3470 3471 3472 3473 3475 3476 3477 3478 3479 3480 3481 3482 3483 
	}
}
asylor={
	location=3454
	color={
		56 1 95 
	}
	outgoing={
		name="eastern_gloomwood"
		path={
			1273 1202 
		}
		control={
			4056.000000 1704.000000 4097.000000 1656.000000 4105.000000 1618.000000 
		}
	}
	outgoing={
		name="asylorian_plains"
		path={
			1273 1202 
		}
		control={
			4092.000000 1735.000000 4196.000000 1739.000000 4282.000000 1769.000000 4325.000000 1721.000000 
		}
	}
	members={
		3420 3421 3422 3423 3424 3425 3426 3427 3428 3429 3430 3431 3432 3433 3434 3435 3436 3437 3438 3439 3440 3441 3442 3443 3444 3446 3447 3448 3449 3450 3452 3462 3484 3485 3486 3487 3488 3489 3490 3491 3492 3493 3494 3497 3454 
	}
}
mosoeria={
	location=3137
	color={
		76 243 24 
	}
	inland=yes
	outgoing={
		name="red_land"
		path={
			1273 1202 
		}
		control={
			3593.000000 1278.000000 
		}
	}
	outgoing={
		name="cragwold"
		path={
			1273 1202 
		}
		control={
			3704.000000 1441.000000 3785.000000 1407.000000 
		}
	}
	members={
		2840 3365 3377 3378 3379 3405 3406 3407 3408 3409 3410 3411 3412 3413 3414 3415 2638 2855 2956 2957 2969 3046 3047 3048 3119 3120 3135 3136 3138 3139 3140 3141 3142 3143 3144 3145 3146 3137 
	}
}
deep_gloomwood={
	location=3068
	color={
		34 34 12 
	}
	inland=yes
	outgoing={
		name="eastern_gloomwood"
		path={
			1273 1202 
		}
		control={
			3692.000000 1547.000000 3746.000000 1497.000000 3786.000000 1535.000000 3876.000000 1557.000000 
		}
	}
	outgoing={
		name="mosoeria"
		path={
			1273 1202 
		}
		control={
			3670.000000 1575.000000 3623.000000 1520.000000 
		}
	}
	members={
		3305 3306 3307 3323 3324 13 3031 3032 3033 3034 3035 3036 3037 3038 3039 3040 3041 3042 3043 3045 3050 3051 3052 3053 3054 3055 3056 3057 3058 3059 3060 3061 3062 3063 3064 3065 3066 3067 3069 3070 3071 3072 3073 3074 3075 3076 3077 3078 3079 3080 3081 3091 3092 3093 3094 3095 3096 3097 3068 
	}
}
eastern_gloomwood={
	location=3123
	color={
		76 34 24 
	}
	inland=yes
	outgoing={
		name="kalyso"
		path={
			1273 1202 
		}
		control={
			4097.000000 1472.000000 4218.000000 1482.000000 
		}
	}
	outgoing={
		name="arno"
		path={
			1273 1202 
		}
		control={
			4033.000000 1454.000000 3983.709961 1400.489990 
		}
	}
	members={
		3049 3087 3088 3089 3090 3098 3099 3100 3101 3102 3103 3104 3105 3106 3107 3108 3109 3110 3111 3112 3113 3114 3115 3116 3117 3118 3121 3122 3124 3125 3126 3127 3128 3129 3130 3131 3132 3133 3134 3123 
	}
}
kalyso={
	location=2897
	color={
		76 121 24 
	}
	inland=yes
	outgoing={
		name="mareland"
		path={
			1273 1202 
		}
		control={
			4235.000000 1460.000000 4150.000000 1405.000000 
		}
	}
	members={
		2996 2999 3000 3001 3002 3003 3004 3005 3006 3007 3008 3009 3010 3011 3012 3013 3014 3015 3016 3017 3018 3019 3020 3021 3022 3023 3024 3025 2896 2899 2900 2901 2902 2934 2935 2936 2937 2938 2939 2940 2941 2947 2950 2952 2897 
	}
}
south_court={
	location=2907
	color={
		54 39 36 
	}
	outgoing={
		name="kalyso"
		path={
			1273 1202 
		}
		control={
			4321.000000 1511.000000 4287.000000 1509.000000 4287.000000 1479.000000 
		}
	}
	members={
		2898 2903 2905 2906 2908 2909 2910 2911 2912 2913 2914 2915 2916 2917 2918 2919 2923 2924 2925 2926 2927 2928 2943 2948 2949 2951 2965 2966 2967 2968 2970 2971 2972 2997 2907 
	}
}
north_court={
	location=2992
	color={
		81 24 67 
	}
	outgoing={
		name="south_court"
		path={
			1273 1202 
		}
		control={
			4655.000000 1612.000000 4446.000000 1505.000000 
		}
	}
	members={
		3538 3539 3540 3541 3542 3543 3544 3545 2973 2974 2975 2976 2977 2978 2979 2980 2981 2982 2904 2983 2984 2985 2986 2987 2988 2989 2990 2991 2993 2994 2995 2992 
	}
}
asylorian_plains={
	location=2921
	color={
		54 241 36 
	}
	inland=yes
	outgoing={
		name="north_court"
		path={
			1273 1202 
		}
		control={
			4341.000000 1672.000000 4502.000000 1706.000000 4587.000000 1714.000000 4655.000000 1729.000000 4697.000000 1709.000000 
		}
	}
	outgoing={
		name="south_court"
		path={
			1273 1202 
		}
		control={
			4374.000000 1622.000000 
		}
	}
	outgoing={
		name="kalyso"
		path={
			1273 1202 
		}
		control={
			4284.000000 1628.000000 4228.000000 1566.000000 4265.000000 1527.000000 
		}
	}
	members={
		3416 3419 3445 3495 3496 2920 2922 2929 2930 2931 2932 2933 2942 2944 2945 2946 2953 2954 2955 2958 2959 2960 2961 2962 2963 2964 2998 2921 
	}
}
white_harbour={
	location=2883
	color={
		76 21 36 
	}
	outgoing={
		name="lovia"
		path={
			1273 1202 
		}
		control={
			1670.000000 175.000000 1747.000000 261.000000 1860.000000 237.000000 1945.000000 164.000000 2174.000000 228.000000 2344.000000 377.000000 2368.000000 406.000000 2404.000000 411.000000 2386.000000 480.000000 
		}
	}
	outgoing={
		name="great_isles"
		path={
			1273 1202 
		}
		control={
			1659.000000 167.000000 1659.000000 288.000000 1488.000000 493.000000 1199.000000 688.000000 1118.000000 743.000000 1067.000000 754.000000 
		}
	}
	members={
		1519 2874 2875 2876 2877 2878 2879 2880 2881 2882 2884 2885 2886 2887 2888 2889 2890 2891 2883 
	}
}
harpia={
	location=2834
	color={
		76 144 143 
	}
	outgoing={
		name="eastern_broden"
		path={
			1273 1202 
		}
		control={
			4604.000000 1231.000000 4499.000000 1240.000000 4470.000000 1265.000000 4433.000000 1310.000000 
		}
	}
	outgoing={
		name="gerlos"
		path={
			1273 1202 
		}
		control={
			4633.000000 1177.000000 4532.000000 1151.000000 4434.000000 1115.000000 4296.000000 1038.000000 
		}
	}
	members={
		2808 2809 2810 2811 2812 2813 2814 2815 2816 2817 2818 2819 2820 2821 2822 2823 2824 2825 2826 2827 2828 2829 2830 2831 2832 2833 2835 2836 2837 2838 2839 2834 
	}
}
broden={
	location=2680
	color={
		76 144 143 
	}
	outgoing={
		name="mareland"
		path={
			1273 1202 
		}
		control={
			4289.000000 1269.000000 4179.000000 1266.000000 4150.000000 1285.000000 4133.000000 1313.000000 
		}
	}
	outgoing={
		name="gerlos"
		path={
			1273 1202 
		}
		control={
			4291.000000 1238.000000 4275.000000 1194.000000 4268.000000 1154.000000 4276.000000 1060.000000 
		}
	}
	members={
		3026 3027 3028 2646 2647 2648 2649 2650 2651 2652 2653 2654 2655 2656 2657 2658 2659 2660 2661 2662 2663 2664 2665 2666 2667 2668 2669 2670 2671 2672 2673 2674 2675 2676 2677 2678 2679 2681 2682 2683 2688 2689 2680 
	}
}
acchie={
	location=2778
	color={
		94 64 64 
	}
	outgoing={
		name="broden"
		path={
			1273 1202 
		}
		control={
			4226.000000 1359.000000 4223.000000 1304.000000 4278.000000 1297.000000 4301.000000 1301.000000 
		}
	}
	outgoing={
		name="kalyso"
		path={
			1273 1202 
		}
		control={
			4245.000000 1431.000000 4280.000000 1452.000000 
		}
	}
	members={
		2644 2684 2747 2750 2757 2758 2760 2761 2762 2765 2766 2767 2768 2769 2770 2771 2772 2773 2774 2775 2776 2777 2779 2780 2781 2782 2783 2784 2785 2786 2787 2788 2789 2790 2791 2792 2793 2794 2795 2796 2797 2798 2799 2800 2803 2804 2778 
	}
}
eastern_broden={
	location=2755
	color={
		134 32 64 
	}
	outgoing={
		name="broden"
		path={
			1273 1202 
		}
		control={
			4382.000000 1290.000000 4343.000000 1260.000000 4311.000000 1255.000000 4311.000000 1273.000000 
		}
	}
	outgoing={
		name="acchie"
		path={
			1273 1202 
		}
		control={
			4347.000000 1385.000000 4317.000000 1405.000000 4257.000000 1404.000000 4238.000000 1397.000000 
		}
	}
	members={
		2685 2686 2687 2690 2691 2692 2693 2694 2695 2696 2697 2698 2699 2700 2701 2702 2703 2704 2705 2706 2707 2708 2709 2710 2711 2712 2713 2714 2715 2716 2717 2718 2719 2720 2721 2722 2723 2724 2725 2726 2727 2728 2729 2730 2731 2732 2733 2734 2735 2736 2737 2738 2739 2740 2741 2742 2743 2744 2745 2746 2748 2749 2751 2752 2753 2754 2756 2759 2763 2764 2801 2802 2755 
	}
}
mareland={
	location=2640
	color={
		5 144 55 
	}
	outgoing={
		name="arno"
		path={
			1273 1202 
		}
		control={
			4036.000000 1307.000000 3988.000000 1276.000000 3976.000000 1311.000000 3943.000000 1369.000000 
		}
	}
	outgoing={
		name="verdant"
		path={
			1273 1202 
		}
		control={
			4068.000000 1283.000000 4040.000000 1266.000000 4057.000000 1243.000000 4053.000000 1229.000000 
		}
	}
	outgoing={
		name="northern_averia"
		path={
			1273 1202 
		}
		control={
			4060.000000 1298.000000 4008.000000 1263.000000 3983.000000 1221.000000 4002.000000 1194.000000 
		}
	}
	members={
		2608 2609 2610 2611 2612 2613 2614 2615 2616 2617 2618 2619 2620 2621 2622 2623 2624 2625 2626 2627 2628 2629 2630 2631 2632 2633 2634 2635 2636 2637 2639 2641 2642 2643 2640 
	}
}
verdant={
	location=2584
	color={
		34 144 64 
	}
	outgoing={
		name="northern_averia"
		path={
			1273 1202 
		}
		control={
			4089.000000 1183.000000 4075.000000 1158.000000 4039.000000 1143.000000 4008.000000 1153.000000 
		}
	}
	members={
		2581 2582 2583 2585 2586 2587 2588 2589 2590 2591 2584 
	}
}
vainor={
	location=2543
	color={
		64 231 64 
	}
	inland=yes
	outgoing={
		name="red_land"
		path={
			1273 1202 
		}
		control={
			3834.000000 1175.000000 3749.000000 1196.000000 3651.000000 1181.000000 
		}
	}
	outgoing={
		name="arno"
		path={
			1273 1202 
		}
		control={
			3868.000000 1185.000000 3889.000000 1226.000000 3910.000000 1274.000000 3917.000000 1314.000000 
		}
	}
	members={
		2539 2540 2541 2542 2543 2544 2545 2546 2547 2548 2549 2550 2551 2552 2553 2554 2555 2556 2557 2558 2559 2560 2561 2562 2563 2564 2565 2566 2567 2568 2569 
	}
}
red_land={
	location=2512
	color={
		34 94 56 
	}
	inland=yes
	outgoing={
		name="jisonia"
		path={
			1273 1202 
		}
		control={
			3542.000000 1093.000000 3455.000000 1047.000000 3377.000000 978.000000 
		}
	}
	outgoing={
		name="twinriver_land"
		path={
			1273 1202 
		}
		control={
			3555.000000 1267.000000 3468.000000 1338.000000 3350.000000 1319.000000 3217.000000 1355.000000 
		}
	}
	outgoing={
		name="golden_land"
		path={
			1273 1202 
		}
		control={
			3518.000000 1147.000000 3477.000000 1120.000000 3425.000000 1127.000000 3346.000000 1154.000000 
		}
	}
	members={
		1520 7 20 1592 1870 2277 2295 2459 2518 2519 2520 2521 2522 2523 2524 2525 2526 2527 2528 2529 2530 2531 2532 2533 2534 2535 2536 2472 2473 2474 2475 2476 2477 2478 2479 2480 2481 2482 2483 2484 2485 2486 2487 2488 2489 2490 2491 2492 2493 2494 2495 2496 2497 2498 2499 2500 2502 2503 2504 2507 2508 2509 2510 2511 2513 2514 2515 2516 2517 2512 
	}
}
arno={
	location=2396
	color={
		75 36 142 
	}
	inland=yes
	members={
		2397 2398 2399 2400 2401 2402 2403 2404 2405 2406 2407 2408 2409 2410 2411 2412 2413 2414 2415 2416 2420 2425 2427 2428 2429 2430 2431 2432 2433 2396 
	}
}
cragwold={
	location=2442
	color={
		56 210 212 
	}
	inland=yes
	outgoing={
		name="arno"
		path={
			1273 1202 
		}
		control={
			3880.000000 1384.000000 
		}
	}
	outgoing={
		name="red_land"
		path={
			1273 1202 
		}
		control={
			3707.000000 1315.000000 3610.000000 1241.000000 
		}
	}
	members={
		2417 2418 2419 2421 2422 2423 2424 2426 2434 2435 2436 2437 2438 2439 2440 2441 2443 2444 2445 2446 2442 
	}
}
southern_averia={
	location=2332
	color={
		12 144 212 
	}
	outgoing={
		name="bay_of_mario"
		path={
			1273 1202 
		}
		control={
			4108.000000 1022.000000 4108.000000 952.000000 4058.000000 931.000000 4026.000000 912.000000 
		}
	}
	members={
		2302 2303 2304 2305 2306 2307 2308 2309 2310 2311 2312 2313 2314 2315 2316 2317 2318 2319 2320 2321 2322 2323 2330 2331 2333 2334 2335 2337 2338 2339 2340 2342 2347 2348 2349 2332 
	}
}
northern_averia={
	location=2328
	color={
		134 94 25 
	}
	outgoing={
		name="vainor"
		path={
			1273 1202 
		}
		control={
			3994.000000 1146.000000 3990.000000 1134.000000 4053.000000 1092.000000 
		}
	}
	outgoing={
		name="southern_averia"
		path={
			1273 1202 
		}
		control={
			3994.000000 1146.000000 3990.000000 1134.000000 4053.000000 1092.000000 
		}
	}
	outgoing={
		name="arno"
		path={
			1273 1202 
		}
		control={
			3983.000000 1183.000000 3931.000000 1272.000000 3939.000000 1302.000000 3940.000000 1351.000000 
		}
	}
	members={
		2279 2280 2281 2282 2283 2284 2285 2286 2287 2288 2289 2290 2291 2292 2293 2294 2296 2297 2298 2299 2300 2301 2324 2325 2326 2329 2336 2341 2343 2344 2345 2346 2365 2328 
	}
}
bay_of_mario={
	location=2352
	color={
		134 194 125 
	}
	outgoing={
		name="witchlands"
		path={
			1273 1202 
		}
		control={
			3895.000000 829.000000 3843.000000 804.000000 
		}
	}
	outgoing={
		name="gate"
		path={
			1273 1202 
		}
		control={
			3993.000000 867.000000 4042.000000 836.000000 4076.000000 700.000000 
		}
	}
	members={
		2278 2350 2351 2353 2354 2355 2356 2357 2358 2359 2360 2361 2362 2363 2364 2352 2570 2571 2572 2573 2574 2575 2576 2577 2579 2580 
	}
}
zytar={
	location=2375
	color={
		234 194 125 
	}
	inland=yes
	outgoing={
		name="vainor"
		path={
			1273 1202 
		}
		control={
			3795.000000 1018.000000 3669.000000 1054.000000 3601.000000 1136.000000 
		}
	}
	outgoing={
		name="red_land"
		path={
			1273 1202 
		}
		control={
			3795.000000 1018.000000 3669.000000 1054.000000 3601.000000 1136.000000 
		}
	}
	outgoing={
		name="badlands"
		path={
			1273 1202 
		}
		control={
			3794.000000 966.000000 3724.000000 896.000000 3659.000000 802.000000 
		}
	}
	outgoing={
		name="bay_of_mario"
		path={
			1273 1202 
		}
		control={
			3868.000000 945.000000 3892.000000 918.000000 3903.000000 904.000000 
		}
	}
	outgoing={
		name="southern_averia"
		path={
			1273 1202 
		}
		control={
			3933.000000 1000.000000 4023.000000 1045.000000 
		}
	}
	members={
		2367 2368 2369 2370 2371 2372 2373 2374 2376 2377 2378 2379 2380 2381 2382 2383 2384 2385 2386 2387 2388 2389 2390 2391 2392 2393 2394 2395 2375 
	}
}
witchlands={
	location=2209
	color={
		54 64 32 
	}
	outgoing={
		name="badlands"
		path={
			1273 1202 
		}
		control={
			3716.000000 786.000000 3575.000000 742.000000 
		}
	}
	outgoing={
		name="gira"
		path={
			1273 1202 
		}
		control={
			3744.000000 771.000000 3663.000000 670.000000 
		}
	}
	members={
		2191 2192 2193 2194 2196 2197 2198 2200 2201 2202 2203 2204 2205 2206 2207 2208 2242 2243 2244 2245 2246 2247 2248 2249 2250 2251 2252 2253 2254 2255 2257 2209 
	}
}
green_deep={
	location=2222
	color={
		12 78 134 
	}
	outgoing={
		name="gira"
		path={
			1273 1202 
		}
		control={
			3835.000000 581.000000 3701.000000 640.000000 
		}
	}
	outgoing={
		name="witchlands"
		path={
			1273 1202 
		}
		control={
			3852.000000 687.000000 3823.000000 770.000000 
		}
	}
	members={
		3238 3239 2578 2195 2210 2211 2212 2213 2214 2215 2216 2217 2218 2219 2220 2221 2223 2224 2225 2226 2227 2228 2229 2230 2231 2232 2233 2234 2235 2236 2237 2240 2241 2238 2239 2222 3900 
	}
}
qalumhara={
	location=2060
	color={
		56 64 64 
	}
	outgoing={
		name="arakeen"
		path={
			1273 1202 
		}
		control={
			3082.000000 597.000000 3055.000000 726.000000 
		}
	}
	members={
		3237 2061 2062 2063 2064 2065 2067 2068 2069 2070 2071 2072 2073 2074 2124 2130 2131 2132 2133 2134 2135 2136 2137 2138 2060 
	}
}
broken_land={
	location=2085
	color={
		12 64 124 
	}
	outgoing={
		name="qalumhara"
		path={
			1273 1202 
		}
		control={
			3121.000000 401.000000 3104.000000 508.000000 
		}
	}
	members={
		2139 2079 2075 2076 2077 2078 2080 2081 2082 2083 2084 2086 2087 2088 2089 2090 2091 2092 2093 2094 2095 2096 2097 2098 2099 2100 2101 2102 2103 2104 2105 2106 2107 2108 2109 2085 
	}
}
gira={
	location=2115
	color={
		1 64 194 
	}
	outgoing={
		name="broken_land"
		path={
			1273 1202 
		}
		control={
			3576.000000 560.000000 3437.729980 413.309998 3353.000000 362.000000 
		}
	}
	outgoing={
		name="cassa"
		path={
			1273 1202 
		}
		control={
			3589.000000 672.000000 3525.000000 681.000000 3418.000000 720.000000 
		}
	}
	members={
		2108 2109 2110 2111 2112 2113 2114 2116 2117 2118 2119 2120 2121 2122 2123 2125 2126 2127 2128 2129 2115 2199 
	}
}
robin={
	location=2014
	color={
		12 121 64 
	}
	outgoing={
		name="arakeen"
		path={
			1273 1202 
		}
		control={
			3273.000000 764.000000 
		}
	}
	outgoing={
		name="cassa"
		path={
			1273 1202 
		}
		control={
			3306.000000 804.000000 3338.000000 805.000000 3368.000000 803.000000 
		}
	}
	outgoing={
		name="thallasor"
		path={
			1273 1202 
		}
		control={
			3244.000000 816.000000 
		}
	}
	members={
		2009 2010 2011 2012 2013 2015 2016 2017 2018 2019 2020 2043 2014 
	}
}
arakeen={
	location=1973
	color={
		56 41 64 
	}
	outgoing={
		name="slaver_coast"
		path={
			1273 1202 
		}
		control={
			3194.000000 739.000000 3103.000000 744.000000 3023.000000 744.000000 2959.000000 817.000000 2934.000000 863.000000 
		}
	}
	outgoing={
		name="lovia"
		path={
			1273 1202 
		}
		control={
			3194.000000 739.000000 3091.000000 741.000000 2978.000000 730.000000 2787.000000 759.000000 2552.889893 743.929993 
		}
	}
	members={
		2049 2050 2051 2052 2053 2054 2055 2056 2057 1533 1538 1539 1540 1958 1959 1960 1962 1963 1964 1965 1967 1968 1969 1970 1971 1972 1974 1975 1976 1978 1979 1980 1981 1982 1973 
	}
}
cassa={
	location=2000
	color={
		240 41 187 
	}
	outgoing={
		name="arakeen"
		path={
			1273 1202 
		}
		control={
			3370.000000 784.000000 3377.000000 759.000000 3360.000000 729.000000 3317.639893 720.650024 3294.000000 758.000000 
		}
	}
	members={
		1966 1977 1983 1984 1985 1986 1987 1988 1989 1990 1991 1992 1993 1994 1997 1998 2001 2002 2003 2004 2005 2006 2028 2000 
	}
}
jisonia={
	location=2030
	color={
		202 93 101 
	}
	outgoing={
		name="cassa"
		path={
			1273 1202 
		}
		control={
			3412.000000 897.000000 3443.000000 842.000000 3390.000000 847.000000 3379.000000 817.000000 3374.939941 807.919983 
		}
	}
	members={
		2327 2538 2455 2456 2457 2458 2460 2461 2462 2463 2464 2465 2466 2467 2470 2471 2505 2506 1807 1999 2027 2029 2031 2032 2033 2034 2035 2036 2037 2038 2039 2040 2041 2042 2045 2046 2047 2048 2030 
	}
}
badlands={
	location=2025
	color={
		142 93 43 
	}
	outgoing={
		name="cassa"
		path={
			1273 1202 
		}
		control={
			3498.000000 728.000000 3472.000000 755.000000 3454.000000 777.000000 3429.000000 775.000000 3396.000000 790.000000 
		}
	}
	outgoing={
		name="gira"
		path={
			1273 1202 
		}
		control={
			3560.000000 696.000000 3606.000000 680.000000 3617.000000 643.000000 
		}
	}
	members={
		2449 2450 2451 2452 2453 2454 2468 2469 1995 1996 2007 2008 2022 2023 2024 2026 2025 2256 2258 2259 2263 2264 2265 2266 2267 2268 2269 2270 2271 2272 2273 2274 2275 2276 
	}
}
eastern_way={
	location=1680
	color={
		56 121 112 
	}
	inland=yes
	outgoing={
		name="valleys_of_zervo"
		path={
			1273 1202 
		}
		control={
			3156.000000 1906.000000 3155.000000 1861.000000 3200.000000 1832.000000 3253.000000 1808.000000 3258.000000 1790.000000 
		}
	}
	outgoing={
		name="dharim"
		path={
			1273 1202 
		}
		control={
			3273.000000 1936.000000 3368.000000 1886.000000 3387.000000 1850.000000 3369.000000 1813.000000 3401.000000 1762.000000 
		}
	}
	outgoing={
		name="great_white"
		path={
			1273 1202 
		}
		control={
			3053.000000 1895.000000 2996.000000 1904.000000 2946.000000 1921.000000 2868.000000 1909.000000 2582.000000 1934.000000 
		}
	}
	outgoing={
		name="mino"
		path={
			1273 1202 
		}
		control={
			3053.000000 1846.000000 3040.000000 1786.000000 3005.000000 1753.000000 2976.000000 1735.000000 2963.000000 1732.000000 
		}
	}
	members={
		1676 1677 1678 1679 1680 3727 3728 3729 3730 3731 3732 3733 3734 3735 3736 3737 3738 3739 3740 3741 3742 3743 3744 3745 3746 
	}
}
valleys_of_zervo={
	location=1905
	color={
		56 121 212 
	}
	inland=yes
	outgoing={
		name="twinriver_land"
		path={
			1273 1202 
		}
		control={
			3297.000000 1738.000000 3293.000000 1674.000000 3280.000000 1578.000000 3265.000000 1502.000000 3201.000000 1445.000000 
		}
	}
	members={
		1833 1836 1837 1838 1839 1840 1843 1844 1845 1871 1872 1873 1874 1875 1876 1877 1878 1879 1880 1881 1882 1883 1884 1885 1886 1887 1888 1889 1890 1891 1892 1893 1894 1895 1896 1897 1898 1899 1900 1904 1906 1907 1908 1909 1910 1911 1912 1913 1905 
	}
}
golden_land={
	location=1800
	color={
		251 121 212 
	}
	inland=yes
	outgoing={
		name="seelen"
		path={
			1273 1202 
		}
		control={
			3254.000000 1136.000000 3262.000000 1114.000000 3262.000000 1096.000000 3261.000000 1087.000000 3254.000000 1086.000000 
		}
	}
	outgoing={
		name="jisonia"
		path={
			1273 1202 
		}
		control={
			3291.000000 1129.000000 3292.000000 1094.000000 3297.000000 1055.000000 3312.939941 1007.309998 3369.000000 939.000000 
		}
	}
	members={
		1782 1783 1794 1795 1796 1797 1798 1799 1801 1802 1803 1804 1805 1806 1808 1809 1810 1811 1812 1813 1814 1815 1816 1817 1818 1819 1820 1821 1920 1800 
	}
}
seelen={
	location=1749
	color={
		45 214 64 
	}
	outgoing={
		name="thallasor"
		path={
			1273 1202 
		}
		control={
			3268.000000 1060.000000 3311.000000 966.000000 3279.000000 899.000000 3255.419922 842.880005 3233.110107 806.400024 
		}
	}
	outgoing={
		name="robin"
		path={
			1273 1202 
		}
		control={
			3268.000000 1060.000000 3311.000000 966.000000 3323.000000 911.000000 3297.000000 863.000000 3273.000000 831.000000 
		}
	}
	outgoing={
		name="lands_of_jhinns"
		path={
			1273 1202 
		}
		control={
			3217.000000 1119.000000 3169.000000 1150.000000 3070.000000 1194.000000 2945.000000 1174.000000 2874.000000 1214.000000 
		}
	}
	members={
		1750 1751 1752 1753 1757 1758 1759 1760 1761 1762 1763 1764 1765 1766 1767 1768 1769 1770 1771 1772 1773 1774 1775 1776 1777 1778 1779 1780 1781 1792 1793 1749 
	}
}
twinriver_land={
	location=1825
	color={
		26 67 45 
	}
	inland=yes
	outgoing={
		name="lands_of_jhinns"
		path={
			1273 1202 
		}
		control={
			3116.000000 1404.000000 3066.000000 1495.000000 2985.000000 1489.000000 2939.000000 1443.000000 2902.000000 1399.000000 
		}
	}
	outgoing={
		name="golden_land"
		path={
			1273 1202 
		}
		control={
			3146.000000 1361.000000 3146.000000 1347.000000 3167.000000 1313.000000 3214.000000 1280.000000 3259.000000 1223.000000 
		}
	}
	members={
		1828 1784 1785 1786 1787 1788 1789 1790 1791 1822 1823 1824 1826 1827 1829 1830 1831 1832 1834 1835 1841 1842 1846 1847 1848 1849 1850 1851 1852 1853 1854 1855 1856 1857 1858 1859 1860 1861 1862 1863 1864 1865 1866 1867 1868 1869 1915 1916 1917 1918 1919 1828 1825 
	}
}
mino={
	location=1649
	color={
		156 21 12 
	}
	inland=yes
	outgoing={
		name="lands_of_jhinns"
		path={
			1273 1202 
		}
		control={
			2999.000000 1702.000000 3037.000000 1559.000000 2946.000000 1460.000000 2887.000000 1416.000000 2879.000000 1336.000000 
		}
	}
	outgoing={
		name="beyond_the_mountains"
		path={
			1273 1202 
		}
		control={
			2896.000000 1736.000000 2828.000000 1730.000000 2765.000000 1705.000000 2747.000000 1707.000000 2735.000000 1711.000000 
		}
	}
	outgoing={
		name="twinriver_land"
		path={
			1273 1202 
		}
		control={
			3012.000000 1677.000000 3032.000000 1629.000000 3033.000000 1576.000000 3079.000000 1527.000000 3106.000000 1492.000000 
		}
	}
	members={
		1710 1605 1606 1607 1608 1609 1652 1653 1654 1655 1656 1657 1658 1659 1660 1661 1662 1663 1681 1682 1683 1684 1685 1686 1687 1688 1689 1690 1691 1692 1693 1694 1695 1696 1697 1698 1699 1700 1701 1702 1703 1704 1705 1706 1707 1708 1709 1712 1649 
	}
}
thallasor={
	location=1543
	color={
		56 21 12 
	}
	outgoing={
		name="slaver_coast"
		path={
			1273 1202 
		}
		control={
			3170.000000 819.000000 3100.000000 804.000000 3057.000000 809.000000 3008.000000 826.000000 2960.000000 867.000000 
		}
	}
	outgoing={
		name="arakeen"
		path={
			1273 1202 
		}
		control={
			3230.000000 775.000000 
		}
	}
	members={
		1537 1541 1542 1544 1545 1546 1547 1548 1549 1590 1543 1730 1731 1732 1733 1734 1735 1736 1737 1738 1739 1740 1741 1742 1743 1744 1745 1746 1747 1748 
	}
}
beyond_the_mountains={
	location=1638
	color={
		56 77 54 
	}
	inland=yes
	outgoing={
		name="valdovia"
		path={
			1273 1202 
		}
		control={
			2667.000000 1703.000000 2643.000000 1716.000000 2616.000000 1732.000000 2604.000000 1749.000000 2666.000000 1805.000000 
		}
	}
	outgoing={
		name="ephrete"
		path={
			1273 1202 
		}
		control={
			2731.000000 1665.000000 2694.000000 1616.000000 2657.000000 1548.000000 2642.000000 1511.000000 2692.000000 1463.000000 
		}
	}
	outgoing={
		name="tianding"
		path={
			1273 1202 
		}
		control={
			2704.000000 1672.000000 2679.000000 1641.000000 2648.000000 1616.000000 2614.000000 1606.000000 2579.000000 1614.000000 
		}
	}
	members={
		1610 1620 1621 1622 1623 1624 1625 1626 1627 1628 1629 1630 1631 1632 1633 1634 1635 1636 1637 1639 1640 1641 1642 1643 1644 1645 1646 1647 1648 1650 1651 1713 1714 1715 1716 1717 1718 1719 1638 
	}
}
slaver_coast={
	location=1526
	color={
		114 145 69 
	}
	outgoing={
		name="nagivi"
		path={
			1273 1202 
		}
		control={
			2926.000000 869.000000 2904.000000 872.000000 2842.000000 888.000000 2712.000000 894.000000 2673.000000 921.000000 
		}
	}
	members={
		1515 1516 1517 1518 1521 1522 1523 1524 1525 1527 1528 1529 1530 1531 1532 1534 1535 1550 1551 1552 1553 1526 
	}
}
lands_of_jhinns={
	location=1559
	color={
		212 10 240 
	}
	inland=yes
	outgoing={
		name="ephrete"
		path={
			1273 1202 
		}
		control={
			2846.000000 1298.000000 2865.000000 1348.000000 2789.000000 1384.000000 2746.949951 1393.030029 2716.000000 1414.000000 
		}
	}
	outgoing={
		name="nagivi"
		path={
			1273 1202 
		}
		control={
			2814.000000 1181.000000 2763.659912 1133.520020 2713.000000 1093.000000 2710.489990 1052.510010 2683.000000 1013.000000 
		}
	}
	members={
		1556 1557 1558 1560 1561 1562 1563 1564 1565 1566 1567 1568 1569 1570 1571 1572 1573 1574 1575 1576 1577 1578 1579 1580 1581 1582 1583 1584 1585 1586 1587 1588 1589 1591 1593 1594 1595 1596 1597 1598 1599 1600 1601 1602 1603 1604 1559 
	}
}
great_isles={
	location=1465
	color={
		56 210 12 
	}
	inland=yes
	outgoing={
		name="flevia"
		path={
			1273 1202 
		}
		control={
			1148.000000 836.000000 1229.000000 899.000000 1390.000000 976.000000 1521.000000 1100.000000 1515.000000 1252.000000 
		}
	}
	outgoing={
		name="ascaria"
		path={
			1273 1202 
		}
		control={
			1327.000000 828.000000 1535.000000 842.000000 1660.000000 973.000000 1717.000000 997.000000 1767.000000 1005.000000 
		}
	}
	members={
		2 420 1058 1496 1506 1507 1508 1509 1465 
	}
}
ephrete={
	location=1379
	color={
		164 1 138 
	}
	inland=yes
	outgoing={
		name="patala"
		path={
			1273 1202 
		}
		control={
			2715.000000 1439.000000 2681.000000 1388.000000 2641.000000 1361.000000 2614.000000 1318.000000 2608.000000 1285.000000 
		}
	}
	members={
		1368 1373 1374 1375 1376 1377 1378 1380 1381 1382 1383 1384 1385 1386 1388 1379 1613 1614 1615 1616 1617 1618 1619 
	}
}
patala={
	location=1311
	color={
		78 122 78 
	}
	inland=yes
	outgoing={
		name="tianding"
		path={
			1273 1202 
		}
		control={
			2570.000000 1284.000000 2526.000000 1355.000000 2521.000000 1457.000000 2550.000000 1507.000000 2569.000000 1561.000000 2569.000000 1591.000000 2558.000000 1609.000000 
		}
	}
	outgoing={
		name="heavens_mountains"
		path={
			1273 1202 
		}
		control={
			2562.000000 1268.000000 2546.000000 1335.000000 2503.000000 1441.000000 2457.000000 1458.000000 2448.000000 1483.000000 2425.000000 1497.000000 2420.000000 1536.000000 2434.000000 1565.000000 2412.000000 1601.000000 
		}
	}
	outgoing={
		name="nagivi"
		path={
			1273 1202 
		}
		control={
			2622.000000 1222.000000 2643.000000 1166.000000 2644.000000 1108.000000 2692.000000 1087.000000 2639.000000 1045.000000 
		}
	}
	outgoing={
		name="bescil"
		path={
			1273 1202 
		}
		control={
			2558.000000 1223.000000 2554.000000 1179.000000 2486.000000 1112.000000 
		}
	}
	members={
		1295 1296 1297 1298 1299 1300 1301 1302 1303 1304 1305 1306 1307 1308 1309 1310 1312 1313 1314 1315 1316 1317 1318 1319 1320 1354 1355 1356 1357 1358 1359 1360 1361 1362 1363 1364 1365 1366 1367 1369 1370 1371 1372 1387 1311 
	}
}
nagivi={
	location=1336
	color={
		96 22 34 
	}
	inland=yes
	outgoing={
		name="lovia"
		path={
			1273 1202 
		}
		control={
			2661.000000 975.000000 2644.000000 928.000000 2516.000000 786.000000 
		}
	}
	members={
		1321 1322 1323 1324 1325 1326 1327 1328 1329 1330 1331 1332 1333 1334 1335 1337 1338 1339 1340 1341 1342 1343 1344 1345 1346 1347 1348 1349 1350 1351 1352 1353 1336 1510 1511 1512 1513 1514 
	}
}
tianding={
	location=1237
	color={
		78 122 18 
	}
	inland=yes
	outgoing={
		name="heavens_mountains"
		path={
			1273 1202 
		}
		control={
			2500.000000 1646.000000 2464.000000 1642.000000 2418.000000 1632.000000 
		}
	}
	members={
		1231 1232 1233 1234 1235 1236 1238 1239 1240 1241 1242 1243 1244 1245 1246 1247 1248 1249 1250 1251 1252 1253 1254 1255 1256 1257 1258 1259 1260 1261 1262 1263 1264 1266 1237 
	}
}
heavens_mountains={
	location=1225
	color={
		3 86 172 
	}
	inland=yes
	outgoing={
		name="vahul"
		path={
			1273 1202 
		}
		control={
			2338.000000 1637.000000 2298.000000 1674.000000 2235.000000 1657.000000 
		}
	}
	outgoing={
		name="lonia"
		path={
			1273 1202 
		}
		control={
			2405.000000 1601.000000 2429.000000 1567.000000 2417.000000 1533.000000 2404.000000 1474.000000 2390.000000 1436.000000 2402.000000 1416.000000 2374.000000 1407.000000 2338.000000 1388.000000 2310.000000 1397.000000 2245.000000 1407.000000 
		}
	}
	outgoing={
		name="great_steppe_east"
		path={
			1273 1202 
		}
		control={
			2405.000000 1601.000000 2429.000000 1567.000000 2417.000000 1533.000000 2404.000000 1474.000000 2390.000000 1436.000000 2402.000000 1416.000000 2374.000000 1407.000000 2365.000000 1379.000000 2392.000000 1357.000000 2337.000000 1331.000000 2310.000000 1270.000000 
		}
	}
	members={
		1198 1202 1203 1204 1205 1206 1211 1212 1213 1214 1215 1216 1217 1218 1219 1220 1221 1222 1223 1224 1226 1227 1228 1229 1230 1287 1225 
	}
}
varjoristan={
	location=1158
	color={
		25 30 18 
	}
	inland=yes
	outgoing={
		name="upper_swamp"
		path={
			1273 1202 
		}
		control={
			1845.000000 1906.000000 1830.000000 1860.000000 1839.000000 1829.000000 
		}
	}
	outgoing={
		name="ogebin"
		path={
			1273 1202 
		}
		control={
			1957.000000 1951.000000 2003.000000 1958.000000 2064.000000 1990.000000 
		}
	}
	members={
		1148 1149 1150 1151 1152 1153 1154 1155 1156 1157 1159 1160 1161 1162 1163 1164 1165 1166 1167 1168 1169 1170 1128 1129 1130 1131 1132 1133 1134 1135 1136 1137 1138 1139 1140 1141 1142 1143 1144 1145 1146 1147 1158 
	}
}
valdovia={
	location=1448
	color={
		12 10 65 
	}
	inland=yes
	outgoing={
		name="tianding"
		path={
			1273 1202 
		}
		control={
			2526.000000 1786.000000 2463.000000 1765.000000 2470.000000 1718.000000 
		}
	}
	outgoing={
		name="ogebin"
		path={
			1273 1202 
		}
		control={
			2509.000000 1801.000000 2396.000000 1849.000000 2323.000000 1894.000000 
		}
	}
	members={
		1412 1413 1414 1415 1416 1451 1452 1453 1454 1455 1456 1457 1458 1459 1460 1461 1462 1463 1464 1436 1437 1441 1442 1443 1446 1447 1448 1449 1450 1444 1445 1438 1439 1440 
	}
}
great_white={
	location=1419
	color={
		12 65 132 
	}
	inland=yes
	outgoing={
		name="valdovia"
		path={
			1273 1202 
		}
		control={
			2584.000000 1918.000000 2618.000000 1888.000000 2680.000000 1848.000000 
		}
	}
	outgoing={
		name="ogebin"
		path={
			1273 1202 
		}
		control={
			2432.000000 1903.000000 2342.000000 1908.000000 2300.000000 1915.000000 
		}
	}
	members={
		1397 1398 1400 1419 1420 1421 1422 1423 1424 1425 1426 1427 1428 1429 1430 1431 1432 1433 1434 1435 1666 1667 1668 1669 1670 1671 1672 1673 1674 1675 
	}
}
ogebin={
	location=1079
	color={
		220 10 10 
	}
	inland=yes
	outgoing={
		name="vahul"
		path={
			1273 1202 
		}
		control={
			2130.000000 1735.000000 2157.000000 1716.000000 2199.000000 1635.000000 
		}
	}
	outgoing={
		name="finnen"
		path={
			1273 1202 
		}
		control={
			2042.000000 1727.000000 2042.000000 1694.000000 2032.000000 1650.000000 
		}
	}
	members={
		1417 1418 1399 1401 1402 1403 1404 1405 1406 1407 1408 1409 1410 1411 1070 1071 1072 1073 1074 1075 1076 1077 1078 1114 1115 1116 1117 1118 1104 1105 1106 1107 1108 1094 1095 1096 1097 1098 1084 1085 1086 1087 1088 1119 1120 1121 1122 1123 1109 1110 1111 1112 1113 1099 1100 1101 1102 1103 1089 1090 1091 1092 1093 1079 1080 1081 1082 1083 
	}
}
upper_swamp={
	location=1043
	color={
		25 166 10 
	}
	inland=yes
	outgoing={
		name="ogebin"
		path={
			1273 1202 
		}
		control={
			1920.000000 1833.000000 1993.000000 1853.000000 2096.000000 1873.000000 
		}
	}
	outgoing={
		name="marschenland"
		path={
			1273 1202 
		}
		control={
			1852.000000 1787.000000 1864.000000 1768.000000 1818.000000 1725.000000 
		}
	}
	members={
		1039 1040 1041 1042 1043 1044 1045 1046 1047 1048 1069 1064 1065 1066 1067 1068 1059 1060 1061 1062 1063 1054 1055 1056 1057 1049 1050 1051 1052 1053 
	}
}
marschenland={
	location=1009
	color={
		25 166 240 
	}
	inland=yes
	outgoing={
		name="vhineland"
		path={
			1273 1202 
		}
		control={
			1723.000000 1671.000000 1617.000000 1660.000000 1560.000000 1670.000000 
		}
	}
	outgoing={
		name="cymria"
		path={
			1273 1202 
		}
		control={
			1799.000000 1651.000000 1807.000000 1624.000000 1828.000000 1596.000000 
		}
	}
	members={
		1030 1031 1032 1033 1034 1035 1036 1025 1026 1027 1028 1029 1020 1021 1022 1023 1024 1000 1001 1002 1003 1004 1005 1006 1007 1008 1009 1010 1011 1012 1013 1014 1015 1016 1017 1018 1019 
	}
}
vahul={
	location=855
	color={
		166 166 166 
	}
	inland=yes
	outgoing={
		name="sia"
		path={
			1273 1202 
		}
		control={
			2245.000000 1624.000000 2227.000000 1610.000000 2211.000000 1563.000000 
		}
	}
	members={
		829 830 831 788 832 873 856 899 900 901 902 903 894 895 896 897 898 888 889 890 891 892 878 879 880 881 882 883 884 885 886 887 874 875 876 877 834 835 836 837 838 853 854 855 857 839 840 841 842 843 844 845 846 847 848 849 850 851 852 804 805 806 807 808 
	}
}
finnen={
	location=926
	color={
		210 160 133 
	}
	inland=yes
	outgoing={
		name="sia"
		path={
			1273 1202 
		}
		control={
			2048.000000 1561.000000 2096.000000 1546.000000 
		}
	}
	members={
		957 958 959 960 943 944 945 946 947 948 949 950 951 952 953 954 955 956 909 910 911 912 913 924 925 926 927 997 986 987 988 989 990 919 920 921 922 923 914 915 916 917 918 904 905 906 907 908 
	}
}
zephyrian_gates={
	location=977
	color={
		120 50 160 
	}
	inland=yes
	outgoing={
		name="sia"
		path={
			1273 1202 
		}
		control={
			2114.000000 1525.000000 
		}
	}
	members={
		966 967 968 969 970 961 962 963 964 965 934 935 936 937 998 971 972 973 974 975 991 992 993 994 995 976 977 978 979 980 938 939 940 941 942 
	}
}
sia={
	location=868
	color={
		240 71 60 
	}
	inland=yes
	members={
		858 859 560 861 862 860 981 982 983 984 985 928 929 930 931 932 819 820 821 822 823 863 864 865 866 867 868 869 870 871 872 824 825 826 827 828 
	}
}
lonia={
	location=816
	color={
		55 240 12 
	}
	inland=yes
	outgoing={
		name="sia"
		path={
			1273 1202 
		}
		control={
			2168.000000 1494.000000 2168.000000 1516.000000 
		}
	}
	members={
		775 773 774 999 772 799 794 795 796 797 798 800 801 802 803 809 810 811 812 813 814 815 816 817 818 763 764 765 766 767 768 769 770 771 782 783 784 785 786 787 789 790 791 792 793 780 779 777 778 776 
	}
}
lovia={
	location=725
	color={
		55 71 12 
	}
	outgoing={
		name="yangara"
		path={
			1273 1202 
		}
		control={
			2421.000000 747.000000 2423.000000 819.000000 
		}
	}
	outgoing={
		name="numaria"
		path={
			1273 1202 
		}
		control={
			2329.000000 736.000000 1877.000000 838.000000 1871.000000 892.000000 1913.000000 920.000000 
		}
	}
	members={
		3245 3244 722 723 724 725 727 728 729 734 730 731 732 733 726 735 736 737 738 739 740 741 742 743 744 745 746 747 748 749 750 751 752 
	}
}
numaria={
	location=662
	color={
		55 71 12 
	}
	outgoing={
		name="ascaria"
		path={
			1273 1202 
		}
		control={
			1887.000000 923.000000 1791.000000 984.000000 
		}
	}
	members={
		701 702 703 704 705 706 707 708 709 710 711 712 713 714 715 716 662 663 664 665 666 667 668 669 670 671 672 673 674 675 676 677 678 679 680 681 682 683 684 685 686 661 
	}
}
ascaria={
	location=617
	color={
		55 71 220 
	}
	outgoing={
		name="flevia"
		path={
			1273 1202 
		}
		control={
			1733.000000 1039.000000 1557.000000 1199.000000 
		}
	}
	members={
		608 622 623 624 625 609 610 611 612 613 614 615 616 617 618 619 620 621 601 599 
	}
}
qualia={
	location=660
	color={
		123 110 150 
	}
	inland=yes
	outgoing={
		name="numaria"
		path={
			1273 1202 
		}
		control={
			1956.000000 986.000000 1925.000000 954.000000 
		}
	}
	outgoing={
		name="dividing_sea"
		path={
			1273 1202 
		}
		control={
			2103.000000 1010.000000 2183.000000 1028.000000 
		}
	}
	members={
		698 699 688 689 690 691 692 693 694 695 696 697 641 639 640 626 631 642 644 645 646 647 648 660 649 650 651 652 653 654 655 656 657 643 658 659 
	}
}
lasa={
	location=576
	color={
		55 110 55 
	}
	inland=yes
	outgoing={
		name="dividing_sea"
		path={
			1273 1202 
		}
		control={
			2051.000000 1092.000000 2141.000000 1069.000000 
		}
	}
	outgoing={
		name="qualia"
		path={
			1273 1202 
		}
		control={
			1967.000000 1079.000000 1966.000000 1058.000000 
		}
	}
	outgoing={
		name="ascaria"
		path={
			1273 1202 
		}
		control={
			1884.000000 1078.000000 1837.000000 1066.000000 
		}
	}
	outgoing={
		name="cymria_estuary"
		path={
			1273 1202 
		}
		control={
			1905.000000 1133.000000 1810.000000 1140.000000 
		}
	}
	members={
		591 592 593 594 595 600 602 603 604 605 606 607 575 565 566 567 568 569 576 577 578 579 580 581 582 583 584 585 586 587 588 589 590 
	}
}
yangara={
	location=525
	color={
		55 110 220 
	}
	outgoing={
		name="five_cities"
		path={
			1273 1202 
		}
		control={
			2351.000000 841.000000 2281.000000 942.000000 
		}
	}
	members={
		498 499 501 500 513 456 475 472 537 538 539 540 492 533 534 535 536 543 528 529 530 531 532 523 524 525 526 527 518 519 520 521 522 514 515 516 517 502 508 509 510 511 512 
	}
}
bescil={
	location=449
	color={
		122 110 10 
	}
	inland=yes
	outgoing={
		name="five_cities"
		path={
			1273 1202 
		}
		control={
			2379.000000 1047.000000 2312.000000 1023.000000 
		}
	}
	outgoing={
		name="yangara"
		path={
			1273 1202 
		}
		control={
			2440.000000 1001.000000 2420.000000 941.000000 2429.000000 893.000000 
		}
	}
	members={
		450 489 490 491 449 547 548 549 550 551 552 553 554 503 504 505 506 507 
	}
}
dividing_sea={
	location=446
	color={
		122 110 220 
	}
	members={
		467 700 687 446 350 348 359 360 358 367 460 462 464 452 469 461 463 570 571 572 573 574 633 637 634 638 636 635 632 628 629 627 630 760 761 762 
	}
}
five_cities={
	location=451
	color={
		122 110 55 
	}
	inland=yes
	outgoing={
		name="dividing_sea"
		path={
			1273 1202 
		}
		control={
			2269.000000 1081.000000 
		}
	}
	members={
		493 494 495 497 541 542 496 465 466 451 459 458 457 454 484 483 447 470 468 455 478 479 471 480 448 487 482 481 485 474 453 477 476 473 451 
	}
}
great_steppe_central={
	location=352
	color={
		57 110 220 
	}
	inland=yes
	outgoing={
		name="dividing_sea"
		path={
			1273 1202 
		}
		control={
			2142.000000 1119.000000 
		}
	}
	outgoing={
		name="zephyrian_gates"
		path={
			1273 1202 
		}
		control={
			2081.000000 1316.000000 2069.000000 1356.000000 2067.000000 1433.000000 
		}
	}
	outgoing={
		name="lasa"
		path={
			1273 1202 
		}
		control={
			1966.000000 1205.000000 
		}
	}
	outgoing={
		name="cymria_estuary"
		path={
			1273 1202 
		}
		control={
			1961.579956 1262.390015 1868.000000 1262.000000 
		}
	}
	outgoing={
		name="great_steppes"
		path={
			1273 1202 
		}
		control={
			1959.000000 1344.000000 1890.000000 1498.000000 
		}
	}
	members={
		370 357 361 349 351 347 337 338 339 340 341 342 343 344 345 346 332 333 334 335 336 382 383 384 385 386 352 353 354 355 356 362 363 364 365 366 387 388 389 390 391 
	}
}
great_steppe_east={
	location=374
	color={
		57 45 22 
	}
	inland=yes
	outgoing={
		name="five_cities"
		path={
			372 458 459 451 
		}
		control={
			2305.000000 1157.000000 2308.000000 1136.000000 2319.000000 1103.000000 
		}
	}
	outgoing={
		name="great_steppe_central"
		path={
			1273 1202 
		}
		control={
			2160.000000 1208.000000 
		}
	}
	members={
		307 1193 1194 1195 1196 1197 1199 1200 1201 1207 1208 1209 1210 555 556 557 558 559 368 369 371 377 378 379 380 381 402 403 404 405 406 397 398 399 400 401 392 393 394 395 396 372 373 374 375 376 
	}
}
berryland={
	location=233
	color={
		57 110 220 
	}
	outgoing={
		name="nordland"
		path={
			1273 1202 
		}
		control={
			1283.000000 1698.000000 1365.000000 1680.000000 1498.000000 1640.000000 
		}
	}
	members={
		232 235 236 237 238 244 245 246 247 248 233 234 239 241 242 243 240 
	}
}
cymria={
	location=277
	color={
		57 250 220 
	}
	inland=yes
	outgoing={
		name="finnen"
		path={
			1273 1202 
		}
		control={
			1829.000000 1562.000000 1869.000000 1572.000000 1932.000000 1573.000000 1976.000000 1593.000000 
		}
	}
	outgoing={
		name="great_steppes"
		path={
			1273 1202 
		}
		control={
			1805.000000 1543.000000 
		}
	}
	members={
		272 273 274 275 276 277 278 279 280 281 282 283 284 285 286 287 288 289 290 291 292 293 294 295 296 301 297 298 299 300 302 
	}
}
great_steppes={
	location=303
	color={
		57 168 170 
	}
	inland=yes
	outgoing={
		name="zephyrian_gates"
		path={
			1273 1202 
		}
		control={
			1897.000000 1509.000000 1920.000000 1491.000000 1979.000000 1494.000000 
		}
	}
	outgoing={
		name="dead_land"
		path={
			1273 1202 
		}
		control={
			1795.000000 1522.000000 1770.000000 1500.000000 1727.000000 1448.000000 
		}
	}
	members={
		303 308 309 310 311 312 313 314 315 316 317 318 319 320 321 327 328 329 330 331 
	}
}
skagen={
	location=263
	color={
		57 168 100 
	}
	outgoing={
		name="marschenland"
		path={
			1273 1202 
		}
		control={
			1633.000000 1733.000000 1722.000000 1701.000000 
		}
	}
	outgoing={
		name="berryland"
		path={
			1273 1202 
		}
		control={
			1454.000000 1795.000000 
		}
	}
	outgoing={
		name="vhineland"
		path={
			1273 1202 
		}
		control={
			1469.000000 1701.000000 
		}
	}
	members={
		253 254 255 256 257 258 259 260 261 262 263 264 265 266 267 268 269 270 271 231 
	}
}
vhineland={
	location=225
	color={
		157 168 220 
	}
	outgoing={
		name="nordland"
		path={
			1273 1202 
		}
		control={
			1525.000000 1643.000000 
		}
	}
	members={
		225 226 227 228 229 230 224 249 250 251 252 
	}
}
dead_land={
	location=131
	color={
		57 120 165 
	}
	inland=yes
	outgoing={
		name="osterland"
		path={
			1273 1202 
		}
		control={
			1687.000000 1397.000000 1623.000000 1440.000000 
		}
	}
	members={
		304 305 306 141 142 143 144 136 137 138 139 140 131 132 133 134 135 145 146 147 152 153 154 156 148 149 150 151 186 187 188 189 190 
	}
}
flevia={
	location=193
	color={
		57 200 160 
	}
	outgoing={
		name="osterland"
		path={
			1273 1202 
		}
		control={
			1521.000000 1305.000000 1514.000000 1406.000000 1531.000000 1418.000000 1564.000000 1431.000000 1594.000000 1457.000000 
		}
	}
	outgoing={
		name="dead_land"
		path={
			192 200 203 199 156 186 132 131 
		}
		control={
			1604.000000 1291.000000 1631.000000 1310.000000 1649.000000 1344.000000 1727.000000 1377.000000 
		}
	}
	members={
		155 191 172 173 174 175 192 193 194 195 196 197 198 199 200 201 202 203 182 183 184 185 177 178 179 180 181 167 168 169 170 171 721 718 719 720 
	}
}
cymria_estuary={
	location=163
	color={
		57 55 55 
	}
	outgoing={
		name="flevia"
		path={
			1273 1202 
		}
		control={
			1709.000000 1133.000000 1574.000000 1208.000000 
		}
	}
	outgoing={
		name="dead_land"
		path={
			1273 1202 
		}
		control={
			1797.000000 1325.000000 
		}
	}
	members={
		157 158 159 160 161 162 163 164 165 166 322 323 324 325 326 344 560 561 562 563 564 596 597 598 
	}
}
nordland={
	location=67
	color={
		57 168 220 
	}
	outgoing={
		name="westland"
		path={
			1273 1202 
		}
		control={
			1483.000000 1627.000000 1372.000000 1657.000000 1295.000000 1582.000000 1273.000000 1492.000000 1288.000000 1376.000000 
		}
	}
	members={
		95 96 97 98 99 108 109 110 111 65 66 67 68 69 60 61 62 63 64 112 113 114 115 117 101 102 103 104 
	}
}
osterland={
	location=35
	color={
		17 168 220 
	}
	outgoing={
		name="westland"
		path={
			1273 1202 
		}
		control={
			1587.000000 1478.000000 1545.000000 1437.000000 1508.000000 1426.000000 
		}
	}
	members={
		50 51 52 53 54 40 41 42 43 44 23 24 25 26 27 28 29 30 31 32 33 34 35 36 37 38 39 45 46 47 48 49 55 56 57 58 59 
	}
}
westland={
	location=82
	color={
		57 118 220 
	}
	members={
		100 105 106 107 92 91 90 87 88 89 93 94 82 83 84 85 86 78 79 80 81 74 75 76 77 70 71 72 73 116 
	}
}
